total votes: 3092
   2  9170090  (10)
   2  8533006  (10)
   2  8783724  (10)
   2  5173844  (10)
-- 2012-03-15 rep +40   = 41
   2  9199717  (10)
   2  7256057  (10)
-- 2012-03-16 rep +20   = 61
   2  6145733  (10)
   1  7509549  (15)
   2  3788812  (10)
   2  1347644  (10)
-- 2012-03-17 rep +45   = 106
-- 2012-03-25 rep 0     = 106
   1  6964418  (15)
-- 2012-03-28 rep +15   = 121
   16  5000073  (2)
-- 2012-04-07 rep +2    = 123
   1  1560102  (15)
-- 2012-04-10 rep +15   = 138
   1  1016692  (2)
   2  1654001  (5)
   2  3769109  (5)
   2  2583822  (5)
   2  4210230  (5)
   2  7892535  (5)
-- 2012-04-11 rep +27   = 165
   1  9977328  (15)
-- 2012-04-14 rep +15   = 180
   2  1702315  (10)
   2  8207917  (10)
-- bonuses   (100)
   2  8130083  (10)
-- 2012-04-15 rep +130  = 310
   2  1163281  (10)
   2  8285961  (10)
   2  4932356  (10)
   2  1979337  (10)
   16  5222644  (2)
-- 2012-04-16 rep +42   = 352
   2  6762477  (10)
   2  2625421  (10)
   2  9576668  (10)
-- 2012-04-17 rep +30   = 382
   2  3645313  (10)
-- 2012-04-19 rep +10   = 392
   1  4616196  (2)
   2  4874839  (10)
   9  5385802  (50)
   1  4289755  (15)
   2  3792680  (10)
   1  9752309  (15)
   9  9760832  (150)
-- 2012-04-21 rep +252  = 644
   2  4252464  (10)
   1  1132520  (15)
-- 2012-04-23 rep +25   = 669
   2  6532165  (10)
   16  4055720  (2)
   2  6075775  (10)
   2  1872930  (10)
   16  3498665  (2)
   1  3994611  (15)
   16  2413224  (2)
   16  8770310  (2)
   16  7478587  (2)
   2  5865859  (10)
   2  8480451  (10)
   16  6573778  (2)
   16  4455443  (2)
   16  5288280  (2)
   2  7872915  (10)
   16  8659014  (2)
   16  4924731  (2)
-- 2012-04-24 rep +95   = 764
   16  2675141  (2)
   16  7586275  (2)
-- 2012-04-25 rep +4    = 768
   16  4802190  (2)
-- 2012-04-26 rep +2    = 770
   16  7408742  (2)
   16  2077429  (2)
   2  8162314  (10)
   16  4801279  (2)
   16  4594426  (2)
   16  6417857  (2)
-- 2012-04-27 rep +20   = 790
   16  8076429  (2)
   2  3866017  (10)
   16  6607031  (2)
   2  2330588  (10)
   16  8387674  (2)
   2  9478405  (10)
   16  3588787  (2)
   1  4456150  (15)
   16  3992887  (2)
   16  2148757  (2)
   16  8327603  (2)
   16  5638077  (2)
-- 2012-04-28 rep +61   = 851
   2  3492002  (10)
   2  1608377  (10)
   2  9533253  (10)
   2  1666096  (10)
   2  3331784  (10)
   2  4032769  (10)
   2  4507200  (10)
   16  9178172  (2)
   16  9256084  (2)
   16  4958431  (2)
   16  6308479  (2)
   16  5220840  (2)
   16  1828355  (2)
   2  7049396  (10)
   2  1041467  (10)
   1  5866526  (15)
   2  1433147  (10)
   1  7610599  (15)
-- 2012-04-29 rep +142  = 993
   2  3187804  (10)
   1  3262847  (15)
   2  8153597  (10)
   1  8085491  (15)
-- 2012-04-30 rep +50   = 1043
   16  4018338  (2)
   1  7763865  (15)
-- 2012-05-01 rep +17   = 1060
   16  4678949  (2)
   2  5749656  (10)
-- 2012-05-02 rep +12   = 1072
   2  7531110  (10)
   16  9815150  (2)
   16  1807885  (2)
   2  5442560  (10)
   2  2714520  (10)
   2  9149503  (10)
-- 2012-05-03 rep +44   = 1116
   1  3716259  (15)
   2  7463471  (10)
   2  9379615  (10)
   2  1116739  (10)
-- 2012-05-04 rep +45   = 1161
   9  7479689  (50)
   16  3741520  (2)
   16  2196295  (2)
   16  8104231  (2)
   16  5380732  (2)
   16  5627399  (2)
   16  1781454  (2)
   16  2831581  (2)
   2  8062811  (10)
   16  4889525  (2)
   16  8951672  (2)
   16  2463891  (2)
-- 2012-05-05 rep +80   = 1241
   16  7056867  (2)
   16  7853050  (2)
   16  7044107  (2)
   16  7367871  (2)
   2  4597959  (5)
   2  2122273  (5)
   2  9802830  (5)
   2  3234498  (5)
   2  2534622  (5)
   1  8706380  (2)
   16  4950015  (2)
   16  1911717  (2)
   16  5441816  (2)
-- 2012-05-06 rep +41   = 1282
   2  8862504  (10)
   2  2580858  (10)
   2  8350111  (10)
   2  8477962  (10)
   2  6743890  (10)
   1  5949304  (15)
   2  7179061  (10)
   16  3255418  (2)
-- 2012-05-07 rep +77   = 1359
   2  8149572  (10)
-- 2012-05-08 rep +10   = 1369
   2  2697951  (10)
   2  8182947  (10)
-- 2012-05-10 rep +20   = 1389
   1  1652948  (15)
   2  3202955  (10)
-- 2012-05-11 rep +25   = 1414
   2  7661684  (10)
-- 2012-05-13 rep +10   = 1424
   16  5880341  (2)
   16  6147697  (2)
   16  2707191  (2)
   16  1139876  (2)
   16  8284694  (2)
-- 2012-05-14 rep +10   = 1434
   2  8709783  (10)
-- 2012-05-16 rep +10   = 1444
   2  8063641  (10)
-- 2012-05-19 rep +10   = 1454
   16  4757011  (2)
   16  4057213  (2)
   16  1058101  (2)
   16  8541029  (2)
   16  6603604  (2)
-- 2012-06-02 rep +10   = 1464
   16  1638579  (2)
   16  8881750  (2)
   16  1273835  (2)
   16  2829858  (2)
   16  9865498  (2)
   16  9578353  (2)
   16  2090002  (2)
   16  5199205  (2)
   16  9035959  (2)
   16  3707627  (2)
   16  9982731  (2)
   16  8754169  (2)
   16  7398308  (2)
   16  4293396  (2)
   16  2205063  (2)
   16  7447297  (2)
-- 2012-06-04 rep +32   = 1496
   16  5145881  (2)
-- 2012-06-05 rep +2    = 1498
   2  7221765  (5)
   2  7254807  (5)
   2  3083521  (5)
-- 2012-06-06 rep +15   = 1513
   1  2225690  (2)
-- 2012-06-09 rep +2    = 1515
   1  7577384  (15)
   2  1299431  (10)
-- 2012-06-14 rep +25   = 1540
   16  6291571  (2)
-- 2012-06-15 rep +2    = 1542
-- 2012-06-17 rep 0     = 1542
   1  4697558  (15)
-- 2012-06-18 rep +15   = 1557
   16  3450620  (2)
   16  1038265  (2)
   2  6121575  (10)
-- 2012-06-19 rep +14   = 1571
   16  5640538  (2)
   16  5287332  (2)
-- 2012-06-20 rep +4    = 1575
   2  6860124  (10)
   16  3510805  (2)
   2  7098204  (10)
-- 2012-06-21 rep +22   = 1597
   3  8244130  (-1)
   2  3897012  (10)
   2  3103075  (10)
-- 2012-06-22 rep +19   = 1616
   2  7389977  (10)
   2  2759872  (10)
   2  2660403  (10)
   2  8501428  (10)
   1  6504808  (15)
-- 2012-06-23 rep +55   = 1671
   2  9367158  (10)
-- 2012-06-24 rep +10   = 1681
   16  6843118  (2)
   16  6289732  (2)
   16  2644048  (2)
   16  1091693  (2)
   16  2854970  (2)
   2  5545635  (10)
   16  3727633  (2)
   16  9700281  (2)
   16  8140127  (2)
   16  9372277  (2)
   2  5009176  (10)
   2  4817158  (10)
   2  9351043  (10)
   1  1897924  (15)
   2  4028080  (10)
   2  5255999  (10)
-- 2012-06-25 rep +93   = 1774
   1  7667758  (15)
   2  4444260  (10)
   2  9540404  (10)
   2  6909510  (10)
   2  3027935  (10)
   2  4972950  (10)
   1  3886640  (15)
   16  1117012  (2)
   16  1674826  (2)
   2  7012165  (10)
   1  9943581  (15)
   2  8770197  (10)
-- 2012-06-26 rep +119  = 1893
   16  8045979  (2)
-- 2012-06-27 rep +2    = 1895
   2  7244608  (10)
   2  5494856  (10)
   2  7122009  (10)
   2  2974931  (10)
   2  9498188  (10)
   2  5099539  (10)
   1  9056350  (15)
-- 2012-06-29 rep +75   = 1970
   16  5590960  (2)
-- 2012-07-01 rep +2    = 1972
-- 2012-07-02 rep 0     = 1972
   2  1311849  (10)
-- 2012-07-03 rep +10   = 1982
   1  9758737  (2)
   2  7628978  (5)
   2  5768816  (5)
   2  9722047  (5)
-- 2012-07-05 rep +17   = 1999
   2  3216876  (10)
   2  5086923  (10)
-- 2012-07-06 rep +20   = 2019
   2  2790347  (10)
   2  8129323  (10)
-- 2012-07-07 rep +20   = 2039
   2  3480247  (10)
-- 2012-07-08 rep +10   = 2049
   2  5012301  (10)
   1  3388997  (15)
-- 2012-07-09 rep +25   = 2074
   2  4449904  (10)
   2  6935322  (10)
   2  6938393  (10)
   1  2092803  (15)
   1  8678606  (15)
   2  6890964  (10)
   2  7256004  (10)
   1  6557343  (15)
   2  4438724  (10)
   2  4965572  (10)
   2  1471299  (10)
-- 2012-07-10 rep +125  = 2199
   2  1779307  (10)
   2  5148349  (10)
   2  3351201  (10)
   2  3242089  (10)
   2  2089002  (10)
   2  9637879  (10)
   2  8463010  (10)
   2  9829982  (10)
   2  3507446  (10)
   2  7025362  (10)
   1  3249561  (15)
   2  9344335  (10)
   2  7927480  (10)
-- 2012-07-11 rep +135  = 2334
   2  8570345  (10)
   1  4260469  (15)
   3  3131537  (-2)
   1  5848731  (15)
   2  2697753  (10)
   1  8146307  (15)
   2  5073054  (10)
   2  5218451  (10)
   2  7251428  (10)
-- 2012-07-12 rep +93   = 2427
   2  9722936  (10)
   1  9086921  (15)
   2  2123078  (10)
-- 2012-07-13 rep +35   = 2462
   2  4927133  (10)
   1  2185709  (15)
   2  4000137  (10)
   1  9972508  (15)
-- 2012-07-14 rep +50   = 2512
   2  9186821  (10)
   2  3130645  (10)
-- 2012-07-15 rep +20   = 2532
   2  6624743  (10)
   1  2018110  (15)
   2  9744059  (10)
   2  9290682  (10)
   2  9778438  (10)
   2  5609480  (10)
   1  6108251  (15)
   2  9392275  (10)
   2  5078739  (10)
   2  8539281  (10)
   1  5808521  (15)
-- 2012-07-16 rep +125  = 2657
   2  6769714  (10)
   2  8956173  (10)
   2  6534456  (10)
   2  9769197  (10)
   2  7061631  (10)
   1  6234445  (15)
   2  1707029  (10)
   2  8990982  (10)
   2  1186129  (5)
   2  8044151  (10)
   2  4108642  (10)
   1  4712093  (2)
-- 2012-07-17 rep +112  = 2769
   2  9928812  (10)
   2  1708947  (10)
   2  1759542  (10)
   2  4175174  (10)
   1  2172759  (15)
   2  8521440  (10)
   2  7032329  (10)
-- 2012-07-18 rep +75   = 2844
   2  4015903  (10)
   2  3356113  (10)
   2  8149434  (10)
   2  7513741  (10)
   2  6899029  (10)
   2  3581979  (10)
   2  2677261  (10)
   2  5440844  (10)
-- 2012-07-19 rep +80   = 2924
   2  9716570  (10)
-- 2012-07-20 rep +10   = 2934
   1  5024798  (15)
   2  4251961  (10)
   2  7593340  (10)
   2  1592635  (10)
   1  5030883  (15)
   2  9480970  (10)
   2  9926823  (10)
   2  8140204  (10)
   2  7893897  (10)
   2  2751654  (10)
   2  3555331  (10)
   1  1168787  (15)
   2  5406368  (10)
   2  9773224  (10)
-- 2012-07-22 rep +155  = 3089
   2  7675329  (10)
   1  5458126  (15)
   2  2445427  (10)
   2  5693803  (10)
   2  1380809  (10)
   1  9502434  (15)
   2  8834967  (10)
   2  7484575  (10)
   2  1004865  (10)
   2  5431197  (10)
   2  7472645  (10)
   2  8541348  (10)
   1  7235565  (15)
   2  5675861  (10)
-- 2012-07-24 rep +155  = 3244
   2  4424070  (10)
   2  2673562  (10)
   2  9880377  (10)
   1  8388627  (15)
   2  4864369  (10)
   1  1403322  (15)
   2  9791838  (10)
-- 2012-07-25 rep +80   = 3324
   2  3306532  (10)
   2  1109634  (10)
   1  9947416  (15)
   2  5128944  (10)
   2  7783366  (10)
   2  9459908  (10)
   2  9938451  (10)
   2  8573449  (10)
   1  8030607  (15)
   2  4836232  (10)
   2  6700267  (10)
   2  3926005  (10)
   2  1918309  (10)
   2  1029606  (10)
   2  5115837  (10)
   2  4208231  (10)
-- 2012-07-26 rep +170  = 3494
-- 2012-07-27 rep 0     = 3494
   2  5277043  (10)
-- 2012-07-28 rep +10   = 3504
   2  6164903  (10)
   2  1333671  (10)
-- 2012-07-29 rep +20   = 3524
   2  3544594  (10)
   2  7147447  (10)
   2  6537837  (10)
   2  1540859  (10)
   2  9875240  (10)
   2  3279966  (10)
   2  6451409  (10)
   1  1724970  (15)
   2  9023749  (10)
-- 2012-07-30 rep +95   = 3619
   2  2052218  (10)
   2  1423486  (10)
   2  3563525  (10)
   2  2053079  (10)
   2  6359348  (10)
   2  8104554  (10)
   2  7335975  (10)
   3  7457337  (-2)
   2  1617159  (10)
   1  8537290  (15)
-- 2012-07-31 rep +93   = 3712
   2  8644712  (10)
   2  8740582  (10)
   2  4964272  (10)
   2  6275953  (10)
   2  7996768  (10)
   2  3572358  (10)
   2  2199661  (10)
   1  3407800  (15)
   2  5103300  (10)
   2  9264806  (10)
-- 2012-08-01 rep +105  = 3817
   2  2081405  (10)
   2  2008292  (10)
   1  1677285  (15)
   2  3197432  (10)
   2  1198709  (10)
   2  8800907  (10)
-- 2012-08-02 rep +65   = 3882
   2  8429618  (10)
   2  2015838  (10)
   2  8590737  (10)
-- 2012-08-05 rep +30   = 3912
   2  5241256  (10)
   2  6752821  (10)
   2  2843475  (10)
   2  3733199  (10)
-- 2012-08-06 rep +40   = 3952
   2  7339855  (10)
   1  1353163  (15)
   2  9421759  (10)
   2  3126911  (10)
   2  1438577  (10)
-- 2012-08-07 rep +55   = 4007
   2  9643929  (10)
   1  1389679  (15)
   2  1274608  (10)
   2  1576762  (10)
   2  2757411  (10)
   2  1386605  (10)
   2  8970550  (10)
   2  3059080  (10)
   1  7573760  (15)
   2  3435120  (10)
   2  1452646  (10)
   2  5430713  (10)
   1  5195269  (15)
   9  5432369  (50)
   2  4883967  (10)
   2  5569316  (10)
   2  5685578  (10)
   2  2591463  (10)
   2  8688141  (10)
   2  3538902  (10)
-- 2012-08-08 rep +255  = 4262
   2  7186386  (10)
   2  3810986  (10)
   2  3287334  (10)
-- 2012-08-09 rep +30   = 4292
   2  9442501  (10)
   2  4315897  (10)
   1  4769136  (15)
   2  4217520  (10)
   2  4408651  (10)
   1  4649153  (15)
   2  3391346  (10)
-- 2012-08-10 rep +80   = 4372
   2  8404653  (10)
   2  1021657  (10)
   2  5324240  (10)
-- 2012-08-11 rep +30   = 4402
   2  8426079  (10)
   2  3299957  (10)
-- 2012-08-12 rep +20   = 4422
   2  8974960  (10)
   2  6511905  (10)
   2  8836364  (10)
-- 2012-08-13 rep +30   = 4452
   1  5128614  (15)
   2  5389597  (10)
   2  8133627  (10)
   2  8638025  (10)
   2  7386383  (10)
   2  6211939  (10)
   2  5806896  (10)
   2  6964995  (10)
   2  8730770  (10)
   2  2022339  (10)
-- 2012-08-14 rep +105  = 4557
   2  4218317  (10)
   2  3014351  (10)
   2  5267186  (10)
   2  7732910  (10)
   2  2591742  (10)
   2  5559223  (10)
   2  2080903  (10)
   2  8658395  (10)
   2  9233853  (10)
   3  2136763  (-2)
   2  9125134  (10)
   2  4919551  (10)
   2  5653060  (10)
   2  7077117  (10)
-- 2012-08-15 rep +128  = 4685
   2  5572964  (10)
   2  1280845  (10)
   2  4888293  (10)
   2  2436822  (10)
   2  3713110  (10)
   2  2605430  (10)
   2  7134020  (10)
-- 2012-08-16 rep +70   = 4755
   2  2512567  (10)
   2  1065146  (10)
   1  8237635  (15)
   2  6666339  (10)
   2  2460753  (10)
   2  8266083  (10)
   2  8228813  (10)
-- 2012-08-17 rep +75   = 4830
   2  4469162  (10)
   1  6969017  (15)
   2  5160318  (10)
   2  4734113  (10)
   2  6356595  (10)
   2  9542526  (10)
   2  5762792  (10)
-- 2012-08-18 rep +75   = 4905
   1  3394305  (15)
   2  7850570  (10)
   2  2388217  (10)
-- 2012-08-19 rep +35   = 4940
   2  6874824  (10)
   1  2935632  (15)
   2  3709868  (10)
   2  9858125  (10)
-- 2012-08-20 rep +45   = 4985
   1  1408990  (15)
   2  2855182  (10)
   2  2047810  (10)
   2  5675630  (10)
-- 2012-08-21 rep +45   = 5030
   2  7405713  (10)
   2  3171278  (10)
   2  5259087  (10)
   2  3973882  (10)
   2  3982041  (10)
   2  3652563  (10)
   2  7991777  (10)
   2  8402963  (10)
   2  8298389  (10)
-- 2012-08-22 rep +90   = 5120
   2  6184723  (10)
   2  4693568  (10)
-- 2012-08-23 rep +20   = 5140
-- 2012-08-25 rep 0     = 5140
   2  3542486  (10)
   1  1539353  (15)
   2  3663767  (10)
   2  2637459  (10)
   2  7113876  (10)
-- 2012-08-26 rep +55   = 5195
   2  4619992  (10)
   1  2190452  (15)
   2  1541885  (10)
-- 2012-08-27 rep +35   = 5230
   2  3624806  (10)
   2  5877561  (10)
   2  7700934  (10)
   2  1548995  (10)
-- 2012-08-28 rep +40   = 5270
   1  9581309  (15)
   1  6554212  (15)
   2  6669977  (10)
   2  1556905  (10)
   2  4806878  (10)
   2  6210699  (10)
   1  6253774  (15)
   2  5459229  (10)
   2  2817735  (10)
   2  5384748  (10)
   2  5933131  (10)
   2  6432161  (10)
   2  7428074  (10)
-- 2012-08-29 rep +145  = 5415
   2  3684077  (10)
-- 2012-08-31 rep +10   = 5425
   2  7842612  (10)
   2  4152682  (10)
   1  2088948  (15)
   2  9823714  (10)
   2  5663528  (10)
   2  5865869  (10)
   2  9068057  (10)
   2  8055400  (10)
-- 2012-09-03 rep +85   = 5510
   2  8063347  (10)
   2  6425141  (10)
   2  6245257  (10)
   2  4070896  (10)
-- 2012-09-04 rep +40   = 5550
   1  6179603  (15)
-- 2012-09-05 rep +15   = 5565
   2  3287216  (10)
   2  9011752  (10)
-- 2012-09-06 rep +20   = 5585
   2  6339639  (10)
   2  1508517  (10)
   1  1690390  (15)
   2  4093102  (10)
   2  1577687  (10)
   2  3853173  (10)
   2  4600517  (10)
   2  9587933  (10)
-- 2012-09-07 rep +85   = 5670
   2  6360037  (10)
   2  9752114  (10)
   2  4538609  (10)
   2  5197149  (10)
   2  4783759  (10)
   2  5331281  (10)
   2  6357842  (10)
   2  4327787  (10)
   2  1584581  (10)
   2  2971372  (10)
   2  5508733  (10)
-- 2012-09-08 rep +110  = 5780
   2  9133784  (10)
-- 2012-09-09 rep +10   = 5790
   2  9582464  (10)
   2  6162728  (10)
   2  4433554  (10)
   2  2680700  (10)
   2  1294265  (10)
   2  8675611  (10)
   2  2912225  (10)
   1  5422109  (15)
   2  1116649  (10)
-- 2012-09-10 rep +95   = 5885
   2  6024998  (10)
   2  1124351  (10)
   1  7393872  (15)
   2  1139800  (10)
   2  8398356  (10)
   2  8180703  (10)
   2  6515711  (10)
   2  7091264  (10)
   2  2683393  (10)
-- 2012-09-11 rep +95   = 5980
-- 2012-09-12 rep 0     = 5980
   2  8415699  (10)
   1  8162895  (15)
   1  4014861  (15)
   2  3212881  (10)
-- 2012-09-13 rep +50   = 6030
   2  1351483  (10)
   2  8680957  (10)
   2  3073773  (10)
   1  4478323  (15)
-- 2012-09-14 rep +45   = 6075
   2  7852276  (10)
   1  1161040  (15)
   2  1688659  (10)
   2  9725580  (10)
-- 2012-09-15 rep +45   = 6120
   2  7499197  (10)
   2  7586594  (10)
   2  5664092  (10)
   2  2487978  (10)
   2  9992309  (10)
   2  1911219  (10)
   2  8407038  (10)
   2  2489961  (10)
   2  1905266  (10)
-- 2012-09-16 rep +90   = 6210
   3  2816509  (-1)
   2  3951144  (10)
   2  7363907  (10)
   2  2373902  (10)
   1  7660102  (15)
-- 2012-09-17 rep +44   = 6254
   2  3193471  (10)
   2  9141347  (10)
-- 2012-09-18 rep +20   = 6274
   2  8311458  (10)
-- 2012-09-19 rep +10   = 6284
   2  5098829  (10)
-- 2012-09-20 rep +10   = 6294
   2  7347818  (10)
-- 2012-09-21 rep +10   = 6304
-- 2012-09-23 rep 0     = 6304
-- 2012-09-24 rep 0     = 6304
   2  3729175  (10)
   2  4941288  (10)
   2  3874182  (10)
   2  5521141  (10)
   2  7871510  (10)
   2  2532311  (10)
-- 2012-09-25 rep +60   = 6364
   2  8578078  (10)
   2  1562959  (10)
   1  6931719  (15)
-- 2012-09-26 rep +35   = 6399
   2  1236584  (10)
   2  7610342  (10)
-- 2012-09-27 rep +20   = 6419
   1  6326007  (15)
   2  3312775  (10)
-- 2012-09-28 rep +25   = 6444
-- 2012-09-29 rep 0     = 6444
   2  3698523  (10)
   2  7186121  (10)
   2  5804489  (10)
   1  3182074  (15)
   2  5022481  (10)
-- 2012-09-30 rep +55   = 6499
   2  7199860  (10)
-- 2012-10-01 rep +10   = 6509
   2  1528604  (10)
   2  8173221  (10)
   2  1994704  (10)
   2  6299736  (10)
   2  3503165  (10)
   2  8639578  (10)
   2  9752651  (10)
   1  1864921  (15)
-- 2012-10-02 rep +85   = 6594
   2  6913310  (5)
   2  1239234  (10)
   2  6071608  (10)
   2  3111926  (10)
   2  3600176  (10)
   2  7174111  (10)
-- 2012-10-03 rep +55   = 6649
   2  5137837  (10)
   2  9115268  (10)
-- 2012-10-04 rep +20   = 6669
   2  1127682  (10)
   2  1906729  (10)
   2  5194876  (10)
-- 2012-10-05 rep +30   = 6699
   2  8852058  (10)
   2  3682448  (10)
   2  1370688  (10)
   2  4679002  (10)
   2  5246277  (10)
   2  6167452  (10)
   2  6129923  (10)
   2  2519008  (10)
-- 2012-10-06 rep +80   = 6779
   1  3299229  (15)
   1  9078080  (15)
   2  5487888  (10)
   2  2669140  (10)
   2  7928540  (10)
   2  1795103  (10)
-- 2012-10-07 rep +70   = 6849
   2  4169530  (10)
   2  3343761  (10)
   2  8201720  (10)
   2  4018183  (10)
   2  7985576  (10)
   2  5595977  (10)
   2  7960923  (10)
   1  7190314  (15)
   2  2985520  (10)
-- 2012-10-08 rep +95   = 6944
   2  5015984  (10)
   2  5949640  (10)
   2  6686229  (10)
   2  7955853  (10)
   2  5209852  (10)
   2  2657043  (10)
   2  8416205  (10)
   2  9205837  (10)
   2  8197746  (10)
   1  1638053  (15)
   2  9281192  (10)
   1  1494568  (15)
   1  2534009  (15)
   2  9890482  (10)
   2  1945448  (10)
   2  6810366  (10)
   2  1520393  (10)
   2  8835276  (10)
   2  8895106  (10)
   2  2468596  (10)
   2  9185764  (10)
   2  2137965  (10)
   2  4459067  [10]
   2  9342397  [0]
   2  6586602  [0]
   2  8573096  [0]
-- 2012-10-09 rep +245  = 7189
   2  8123391  (10)
   2  3302098  (10)
-- 2012-10-10 rep +20   = 7209
   2  2160341  (10)
   1  8166904  (15)
   2  3034375  (10)
   2  8356860  (10)
   2  1695172  (10)
   2  6832172  (10)
-- 2012-10-11 rep +65   = 7274
   2  4434040  (10)
   2  4107707  (10)
   2  1703820  (10)
   2  1053995  (10)
   2  2003902  (10)
   2  2552089  (10)
   2  2300005  (10)
   2  7390628  (10)
   1  3651061  (15)
   2  7740770  (10)
   1  5109216  (15)
   2  4612045  (10)
   2  8542641  (10)
   2  2558936  (10)
   2  2689374  (10)
   2  4404370  (10)
-- 2012-10-12 rep +170  = 7444
   2  8748845  (10)
   1  9713360  (15)
   2  8421034  (10)
-- 2012-10-13 rep +35   = 7479
   2  5706314  (10)
   2  3506444  (10)
   2  2639885  (10)
   2  5269663  (10)
   2  2020120  (10)
   2  6278449  (10)
-- 2012-10-15 rep +60   = 7539
   2  2840191  (10)
   2  5579743  (10)
   2  6734141  (10)
   2  2569593  (10)
   2  5063442  (10)
   2  3474917  (10)
   2  8801262  (10)
   2  4574916  (10)
   2  1870970  (10)
   2  3855805  (10)
-- 2012-10-16 rep +100  = 7639
   2  8835891  (10)
   2  2408464  (10)
   2  3335471  (10)
   2  4764827  (10)
   2  7739604  (10)
   2  7461873  (10)
   1  6794443  (15)
   2  6354551  (10)
   2  6109380  (10)
   2  1803426  (10)
   1  1031775  (15)
   2  7516856  (10)
   2  5972816  (10)
   2  8583043  (10)
   2  2008676  (10)
   2  1706643  (10)
   2  7657128  (10)
   2  6019712  (10)
   2  1529145  (10)
   2  5987245  (10)
   2  7247274  (10)
   2  1146307  [10]
   2  3453375  [0]
-- 2012-10-17 rep +230  = 7869
   2  9071658  (10)
   2  5425648  (10)
   2  9454171  (10)
   2  5694877  (10)
-- 2012-10-18 rep +40   = 7909
   1  2498226  (15)
   2  1600493  (10)
   2  7872258  (10)
   2  3891373  (10)
   2  1059889  (10)
   2  7056605  (10)
   2  9973905  (10)
   2  6590631  (10)
   1  6629318  (15)
   2  4242379  (10)
-- 2012-10-19 rep +110  = 8019
   2  4642038  (10)
   2  4507896  (10)
   2  8029057  (10)
   2  9566503  (10)
   2  4538137  (10)
   2  4620065  (10)
   1  8814694  (15)
   2  6441170  (10)
   2  9954657  (10)
   2  6824401  (10)
-- 2012-10-20 rep +105  = 8124
   2  3780942  (10)
-- 2012-10-21 rep +10   = 8134
   2  1786510  (10)
   2  4607468  (10)
   2  1766480  (10)
   2  8159274  (10)
   2  9772391  (10)
   2  1121736  (10)
   2  7027843  (10)
   2  6589590  (10)
   2  8772503  (10)
   2  3064636  (10)
   2  2431775  (10)
   2  3579490  (10)
   2  5371602  (10)
   2  2811298  (10)
   2  6783816  (10)
   2  3757384  (10)
   2  3076395  (10)
-- 2012-10-22 rep +170  = 8304
   2  6059004  (10)
   1  2416943  (15)
   2  9765862  (10)
   2  1382321  (10)
   2  1325920  (10)
-- 2012-10-23 rep +55   = 8359
   1  7006314  (15)
   2  3581150  (10)
   2  8156797  (10)
   2  1275037  (10)
   2  3676392  (10)
   2  1203082  (10)
   1  1796146  (15)
   2  5545833  (10)
   1  2939639  (15)
   2  9656633  (10)
   2  4595159  (10)
-- 2012-10-24 rep +125  = 8484
   2  1327040  (10)
   2  1121895  (10)
   2  7988100  (10)
   2  4360957  (10)
   2  5029221  (10)
   2  1468244  (10)
   2  9600420  (10)
   2  9109495  (10)
   1  3969951  (15)
   2  5076145  (10)
   2  2375769  (10)
   2  4853474  (10)
   2  2266279  (10)
   2  4682507  (10)
   2  1707103  (10)
   2  9356838  (10)
   2  8616821  (10)
   2  5786513  (10)
-- 2012-10-25 rep +185  = 8669
   2  8197591  (10)
   2  2758868  (10)
   1  4204190  (15)
   2  6967036  (10)
   2  2546270  (10)
   2  8545568  (10)
   2  7001028  (10)
   1  2232656  (15)
-- 2012-10-26 rep +90   = 8759
   2  5065123  (10)
   2  1897381  (10)
   2  2979440  (10)
   1  8953680  (15)
   2  9477536  (10)
   2  5942465  (10)
-- 2012-10-27 rep +65   = 8824
   2  8054549  (10)
   2  2451949  (10)
-- 2012-10-28 rep +20   = 8844
-- 2012-10-29 rep 0     = 8844
   2  8043508  (10)
-- 2012-10-30 rep +10   = 8854
   2  1469205  (10)
   2  4788085  (10)
   2  4413652  (10)
   2  4734203  (10)
   2  4363165  (10)
   2  3283345  (10)
   2  9161729  (10)
   2  3501044  (10)
   2  3897348  (10)
   1  1094368  (15)
   2  1918694  (10)
-- 2012-10-31 rep +115  = 8969
   2  6640617  (10)
   2  4637351  (10)
   2  7042802  (10)
   2  8782225  (10)
   2  8336930  (10)
   2  5359465  (10)
   1  9196268  (15)
   2  1244789  (10)
   2  9308823  (10)
   2  4897893  (10)
   2  9855497  (10)
-- 2012-11-01 rep +115  = 9084
   2  5119481  (10)
   2  2551846  (10)
-- 2012-11-02 rep +20   = 9104
   2  9128196  (10)
   1  2025631  (15)
   2  8583021  (10)
   1  1256844  (15)
   2  9831969  (10)
   2  5592439  (10)
-- 2012-11-03 rep +70   = 9174
   2  8771220  (10)
-- 2012-11-05 rep +10   = 9184
   2  2050122  (10)
   2  6361491  (10)
-- 2012-11-09 rep +20   = 9204
-- 2012-11-12 rep 0     = 9204
   2  8115185  (10)
   2  1907007  (5)
-- 2012-11-13 rep +15   = 9219
   2  1938041  (10)
-- 2012-11-14 rep +10   = 9229
-- 2012-11-17 rep 0     = 9229
   2  2288999  (10)
-- 2012-11-19 rep +10   = 9239
   2  5124493  (10)
   2  3841738  (10)
-- 2012-11-20 rep +20   = 9259
   1  5186370  (15)
-- 2012-11-21 rep +15   = 9274
   2  3400171  (10)
   1  1853773  (15)
   2  8218633  (10)
-- 2012-11-23 rep +35   = 9309
   2  1921060  (10)
   2  3971458  (10)
   2  5272960  (10)
   2  5209087  (10)
   2  7480615  (10)
-- 2012-11-24 rep +50   = 9359
   2  2921017  (10)
   2  7867369  (10)
-- 2012-11-25 rep +20   = 9379
   2  2182608  (10)
   2  7042181  (10)
   2  8971475  (5)
   1  9853217  (15)
   2  9365530  (10)
-- 2012-11-26 rep +50   = 9429
   2  3990984  (10)
-- 2012-11-27 rep +10   = 9439
   2  5220942  (10)
   2  2872008  (10)
   2  3187471  (10)
-- 2012-11-28 rep +30   = 9469
   2  8440947  (10)
   2  2214494  (10)
   2  6755871  (10)
   2  3140911  (10)
   1  4720707  (15)
   2  4315571  (10)
   2  5712879  (10)
   2  7879890  (10)
   2  6307762  (10)
   2  8629331  (10)
   2  2095244  (10)
   2  2967417  (10)
   1  9245500  (15)
   2  5413679  (10)
   2  6014843  (10)
   2  2935282  (10)
-- 2012-11-29 rep +170  = 9639
   1  7420414  (15)
   2  4476429  (10)
   2  3596488  (10)
   1  5067311  (15)
   2  6738093  (10)
   2  8790346  (10)
-- 2012-11-30 rep +70   = 9709
   1  6434836  (15)
   2  7674399  (10)
   2  3948108  (10)
   2  2967247  (10)
   2  1748879  (10)
-- 2012-12-01 rep +55   = 9764
   2  3878943  (10)
   2  7431700  (10)
-- 2012-12-02 rep +20   = 9784
   2  5875212  (10)
   2  3397469  (10)
   2  3443162  (10)
   2  8169206  (10)
   2  2196950  (10)
   2  2442986  (10)
   2  1221580  (10)
   2  1036892  (10)
   2  6239367  (10)
   2  4260633  (10)
   1  8464540  (15)
   2  7297543  (10)
   2  3515905  (10)
   2  9892220  (10)
   2  2255919  (10)
-- 2012-12-03 rep +155  = 9939
   2  2353896  (10)
   2  1206126  (10)
   2  2692242  (10)
   1  3874475  (15)
   2  9784437  (10)
   2  4425390  (10)
   2  4170895  (10)
   2  3777067  (10)
   2  3113627  (10)
   2  2638792  (10)
   2  4575956  (10)
   2  2583796  (10)
   1  5760442  (15)
   2  5768982  (10)
   2  6461450  (10)
   2  2891072  (10)
   1  9464360  (15)
-- 2012-12-04 rep +185  = 10124
   2  2456160  (10)
   2  6980309  (10)
   1  2014687  (15)
   2  8591310  (10)
   2  3376489  (10)
   2  8015403  (10)
   2  1518063  (10)
   2  4962722  (10)
   2  4656703  (10)
   1  4319595  (15)
   2  8541781  (10)
-- 2012-12-05 rep +120  = 10244
   2  2455569  (10)
   2  7470812  (10)
   1  2352431  (15)
   1  3821305  (15)
   2  3762649  (10)
   2  4552683  (10)
   2  5832219  (10)
   2  5982169  (10)
   2  9838369  (10)
-- 2012-12-06 rep +100  = 10344
   2  3543069  (10)
   1  6188728  (15)
   2  8626469  (10)
-- 2012-12-07 rep +35   = 10379
   2  3402411  (10)
   1  1668163  (15)
   2  4029346  (10)
   2  6904056  (10)
-- 2012-12-08 rep +45   = 10424
   2  6305640  (10)
   2  5797201  (10)
-- 2012-12-09 rep +20   = 10444
   2  1510881  (10)
   2  2700460  (10)
   2  7967553  (10)
   2  6119323  (10)
   2  7865142  (10)
   2  3125702  (10)
-- 2012-12-10 rep +60   = 10504
-- 2012-12-11 rep 0     = 10504
   2  9398419  (10)
   2  6083472  (10)
   2  1022116  (10)
   2  7517364  (10)
   2  3889992  (10)
   2  4296982  (10)
   2  4271052  (10)
   1  1509260  (15)
   1  9770177  (15)
   2  1479441  (10)
   1  6329022  (15)
-- 2012-12-12 rep +125  = 10629
   2  1950262  (10)
   2  1963871  (10)
   2  4129851  (10)
   2  5662391  (10)
   2  3683573  (10)
   2  9984381  (10)
   2  8279351  (10)
   2  4219717  (10)
   2  1485517  (10)
   1  3505105  (15)
   2  6790785  (10)
   2  9391861  (10)
-- 2012-12-13 rep +125  = 10754
   2  2893909  (10)
   2  1764942  (10)
   2  3435136  (10)
   1  5300216  (15)
   2  6512412  (10)
   2  2040476  (10)
   2  9409557  (10)
-- 2012-12-14 rep +75   = 10829
   2  6956770  (10)
   1  5239380  (15)
   2  5812154  (10)
   2  4980062  (10)
   2  6818551  (10)
   2  8120044  (10)
-- 2012-12-15 rep +65   = 10894
   2  5880404  (10)
   2  5258232  (10)
   2  1047291  (10)
   2  4981574  (10)
-- 2012-12-16 rep +40   = 10934
   2  6428753  (10)
   2  5025718  (10)
   2  9424932  (10)
   1  8114690  (15)
   2  4241915  (10)
   1  4063827  (15)
   2  4589014  (10)
   1  9261964  (15)
   2  6396437  (10)
   2  5780801  (10)
   2  2751928  (10)
-- 2012-12-17 rep +125  = 11059
   2  4773043  (10)
   2  4780705  (10)
   2  5340698  (10)
   2  1821089  (10)
   1  7454993  (15)
   2  5529250  (10)
   2  9814232  (10)
-- 2012-12-18 rep +75   = 11134
   1  4945326  (15)
   2  7393481  (10)
   1  8937183  (15)
   2  7530267  (10)
   2  1643759  (10)
   2  8018182  (10)
   2  7929067  (10)
   2  9971523  (10)
   2  9604785  (10)
   2  3252061  (10)
   2  3717513  (10)
   2  9436800  (10)
   2  9071844  (10)
   2  4411201  (10)
   2  2052462  (10)
   2  7449212  (10)
   2  9130202  (10)
   2  9048286  (10)
   1  9094734  (15)
   2  7103420  (10)
   2  5811629  (10)
   2  6177062  (10)
   2  7842929  [10]
   2  5928651  [0]
   2  7657438  [0]
   3  3796294  [-1]
   2  4151918  [1]
   1  4437313  [15]
   2  8640572  [0]
-- 2012-12-19 rep +260  = 11394
   2  1979579  (10)
   2  3308695  (10)
-- 2012-12-20 rep +20   = 11414
   2  8773694  (10)
   1  8394450  (15)
   1  4034457  (15)
-- 2012-12-21 rep +40   = 11454
   2  9486373  (10)
   2  6880007  (10)
   2  8294116  (10)
-- 2012-12-22 rep +30   = 11484
   2  6580157  (10)
   2  1921187  (10)
-- 2012-12-23 rep +20   = 11504
   2  5501027  (10)
   2  1482900  (10)
-- 2012-12-24 rep +20   = 11524
   1  7033659  (15)
   2  1463207  (10)
-- 2012-12-26 rep +25   = 11549
   2  1738396  (10)
   2  1768183  (10)
   2  3783009  (10)
   2  8049558  (10)
   2  4629590  (10)
   2  7977270  (10)
   2  6973659  (10)
   2  3754445  (10)
   2  5883719  (10)
   2  6003636  (10)
-- 2012-12-27 rep +100  = 11649
   1  1811875  (15)
   2  5092581  (10)
   2  1673931  (10)
   2  6158422  (10)
   2  9233969  (10)
   2  5561569  (10)
   2  2198224  (10)
   2  2025924  (10)
   2  8480574  (10)
   2  6220825  (10)
   1  4522824  (15)
   2  3300587  (10)
   2  6995593  (10)
   2  7048999  (10)
   2  7545437  (10)
   1  7788022  (15)
   2  2048441  (10)
   2  5697784  (10)
   2  3713069  (10)
-- 2012-12-28 rep +205  = 11854
   2  1238081  (10)
   1  4699349  (15)
   2  5188199  (10)
   1  2028486  (15)
   2  4593336  (10)
-- 2012-12-29 rep +60   = 11914
   2  1887126  (10)
   2  9685689  (10)
   2  8870422  (10)
-- 2012-12-30 rep +30   = 11944
   2  8900041  (10)
-- 2012-12-31 rep +10   = 11954
   2  7117528  (10)
-- 2013-01-01 rep +10   = 11964
   2  5954160  (10)
   2  8028185  (10)
   2  9052988  (10)
   2  9246872  (10)
   2  3779629  (10)
   2  3135151  (10)
   2  4988974  (10)
-- 2013-01-02 rep +70   = 12034
   2  9426422  (10)
   2  7313560  (10)
-- 2013-01-03 rep +20   = 12054
-- 2013-01-04 rep 0     = 12054
   2  5597394  (10)
   2  1925236  (10)
   2  6937008  (10)
   2  3513964  (10)
   2  1829234  (10)
-- 2013-01-05 rep +50   = 12104
   2  3511675  (10)
   2  4949606  (10)
   2  3425187  (10)
   1  8150019  (15)
   2  1045830  (10)
   2  9066612  (10)
-- 2013-01-06 rep +65   = 12169
   2  8568878  (10)
   2  1145876  (10)
   2  8725118  (10)
   2  7456333  (10)
   2  9119915  (10)
   1  9904481  (15)
-- 2013-01-07 rep +65   = 12234
   2  9525889  (10)
   2  3094087  (10)
   2  8051041  (10)
-- 2013-01-08 rep +30   = 12264
   2  2814965  (10)
   2  4940422  (10)
   2  1385617  (10)
   2  5969965  (10)
   2  4204412  (10)
   2  3055299  (10)
   2  7885405  (10)
   2  8477818  (10)
   2  2865393  (10)
-- 2013-01-09 rep +90   = 12354
   2  5733758  (10)
   2  7893044  (10)
   2  9555925  (10)
   2  8331083  (10)
   2  7472717  (10)
   2  7387733  (10)
   2  4073806  (10)
   2  3978306  (10)
-- 2013-01-10 rep +80   = 12434
   1  3164107  (15)
   2  3711314  (10)
   1  3969760  (15)
   2  1079178  (10)
   2  5220652  (10)
-- 2013-01-11 rep +60   = 12494
   2  2346695  (10)
   2  1870897  (10)
   2  8197352  (10)
   2  5316971  (10)
   2  5839974  (10)
   2  1852113  (10)
   3  1081229  (-1)
   2  8860475  (10)
   2  8928770  (10)
   1  4438937  (15)
   2  6523074  (10)
   2  7440729  (10)
   2  5976288  (10)
-- 2013-01-12 rep +124  = 12618
   2  7686582  (10)
   1  3599394  (15)
   1  9373265  (15)
   2  9427604  (10)
   2  7500730  (10)
   2  4410169  (10)
-- 2013-01-13 rep +70   = 12688
   2  8787777  (10)
-- 2013-01-15 rep +10   = 12698
   1  3598706  (15)
   2  7858711  (10)
   2  7822990  (10)
-- 2013-01-16 rep +35   = 12733
   2  1361610  (10)
   1  8478115  (15)
-- 2013-01-17 rep +25   = 12758
   2  1822392  (10)
-- 2013-01-18 rep +10   = 12768
   2  2704570  (10)
-- 2013-01-19 rep +10   = 12778
   2  2951416  (10)
   2  8226219  (10)
   2  6593634  (10)
   2  6036352  (10)
   2  4509390  (10)
   2  8681989  (10)
   2  6201024  (10)
   2  4369096  (10)
   2  1706448  (10)
   2  8611912  (10)
   2  3615179  (10)
   2  7483019  (10)
   2  4255572  (10)
   2  8430966  (10)
   2  1941497  (10)
   2  2851268  (10)
   1  6697546  (15)
   2  7977385  (10)
   2  6560582  (10)
   1  6575903  (15)
-- 2013-01-21 rep +210  = 12988
   2  6552291  (10)
   2  6172785  (10)
   3  3084525  (-2)
   2  4991200  (10)
   2  8635988  (10)
   2  7719088  (10)
   2  5759124  (10)
   2  9961950  (5)
   2  6891698  (5)
   2  9691894  (5)
   1  2341042  (15)
   2  9221293  (10)
   2  1122396  (10)
   2  4121987  (10)
   2  1988326  (10)
   2  7390145  (10)
   2  5094950  (10)
   2  3851785  (10)
-- 2013-01-22 rep +158  = 13146
   2  9278200  (10)
   1  1929137  (15)
   2  5463385  (10)
   2  9765923  (10)
   2  5464556  (10)
   2  8492502  (10)
   2  7304290  (10)
   2  5891546  (10)
   2  1294483  (10)
   2  7205421  (10)
   2  5278362  (10)
   2  3637512  (10)
   2  7143984  (10)
   2  2768517  (10)
   2  3700939  (10)
   1  5720795  (15)
   2  2590349  (10)
   2  8705383  (10)
   2  2341565  (10)
   2  8737696  (10)
   2  6843573  (10)
   2  4088435  [10]
   1  7901390  [15]
   2  6511971  [0]
   2  4309661  [0]
   1  3515656  [15]
   2  4658829  [0]
   2  2208383  [0]
-- 2013-01-23 rep +260  = 13406
   3  7923957  (-1)
   2  7581026  (10)
   2  4561540  (10)
   1  1493144  (15)
   2  4715546  (10)
-- 2013-01-24 rep +44   = 13450
   2  2665475  (10)
   2  8149220  (10)
   2  2272901  (10)
   2  3986345  (10)
   1  3323324  (15)
   2  7234034  (10)
   2  6060407  (10)
   2  2130194  (10)
   2  9654973  (10)
   2  4652591  (10)
   2  8230308  (10)
   2  5204683  (10)
   2  2611567  (10)
   1  2833498  (15)
   2  9152681  (10)
   2  5269363  (10)
   2  8956398  (10)
-- 2013-01-25 rep +180  = 13630
   2  1475899  (10)
   2  1974559  (10)
   2  8305335  (10)
   1  6998925  (15)
   2  4987064  (10)
   2  2219735  (10)
   2  3340524  (10)
-- 2013-01-26 rep +75   = 13705
   2  3873897  (10)
   2  7591868  (10)
   2  2607315  (10)
   1  4986506  (15)
   2  9221934  (10)
   2  7964598  (10)
   2  8423491  (10)
   2  7471216  (10)
-- 2013-01-27 rep +85   = 13790
   2  8399778  (10)
   2  1327402  (10)
   2  5439177  (10)
   1  9610548  (15)
   2  6625601  (10)
   2  4651611  (10)
   2  5531273  (10)
   2  2819175  (10)
   2  5218788  (10)
   2  8013561  (10)
   2  9080714  (10)
   2  8034977  (10)
   2  8438121  (10)
   1  7314164  (15)
   2  3663856  (10)
   2  2669964  (10)
   2  2315720  (10)
   2  4201336  (10)
   2  6111389  (10)
   2  1615574  (10)
   1  6287417  (15)
   2  1408459  (10)
   2  4108523  [10]
   2  6575922  [0]
   2  8239811  [0]
   2  3635830  [0]
   1  8125225  [15]
-- 2013-01-28 rep +260  = 14050
   1  3537418  (15)
   2  9056649  (10)
   2  5445839  (10)
   2  8827962  (10)
   2  6808747  (10)
   1  2389928  (15)
   2  3163642  (10)
-- 2013-01-29 rep +80   = 14130
   2  5027644  (10)
   1  2002618  (15)
   2  6094080  (10)
   2  8970380  (10)
   2  6444632  (10)
   2  6425327  (10)
   2  9034293  (10)
   2  9412582  (10)
   2  7676932  (10)
   2  1466018  (10)
   2  7477334  (10)
   2  7566618  (10)
   2  6567768  (10)
   2  1826142  (10)
   1  8880248  (15)
   1  6524898  (15)
   2  7443109  (10)
   2  8345083  (10)
   2  8380852  (10)
   2  8723075  (10)
   2  9213958  (10)
   2  8570350  (10)
   1  7182615  [15]
   2  9042584  [10]
   2  5734952  [0]
   1  1637648  [15]
   2  9830433  [0]
   2  1135548  [0]
-- 2013-01-30 rep +275  = 14405
   2  7431989  (10)
   2  9104445  (10)
-- 2013-01-31 rep +20   = 14425
   2  8885432  (10)
   2  4091528  (10)
   2  1756321  (10)
   2  7802044  (10)
   2  6291712  (10)
   2  1749538  (10)
   2  9672404  (10)
   2  3871598  (10)
   2  2535546  (10)
   1  6453671  (15)
   2  6389565  (10)
   2  7227630  (10)
   2  1927465  (10)
   2  8416760  (10)
   2  3151535  (10)
   2  3385060  (10)
   2  1203233  (10)
   2  9823884  (10)
-- 2013-02-01 rep +185  = 14610
   2  1525718  (10)
   1  8938705  (15)
   2  9176077  (10)
   2  3083809  (10)
   2  2727855  (10)
   2  9389598  (10)
   2  9395327  (10)
   1  1619430  (15)
   2  4872319  (10)
   2  6429053  (10)
-- 2013-02-02 rep +110  = 14720
   1  1113765  (15)
-- 2013-02-03 rep +15   = 14735
   2  4692136  (10)
   2  5408102  (10)
   2  2725703  (10)
   2  5758315  (10)
   2  4102792  (10)
-- 2013-02-04 rep +50   = 14785
   2  2017789  (10)
   2  1910765  (10)
   2  7696535  (10)
   2  4455490  (10)
   2  3952251  (10)
   2  3610790  (10)
   1  7998536  (15)
   2  4788578  (10)
   2  8841925  (10)
   1  4986008  (15)
   2  2896254  (10)
   3  2689216  (-1)
   1  5548528  (15)
   2  5270211  (10)
   2  2608940  (10)
-- 2013-02-05 rep +154  = 14939
   2  4102676  (10)
   2  3610156  (10)
   2  3130750  (10)
   2  4353905  (10)
   1  4879631  (15)
   1  2472101  (15)
   2  7188870  (10)
   2  9702334  (10)
   2  6067786  (10)
   2  7432320  (10)
   2  6173863  (10)
   2  5452421  (10)
   2  8213531  (10)
   1  1513788  (15)
   2  2837377  (10)
-- 2013-02-06 rep +165  = 15104
   2  8894626  (10)
   2  8467097  (10)
   2  9471371  (10)
   2  1912472  (10)
   2  8138490  (10)
   2  4419212  (10)
   2  1845785  (10)
   2  4040379  (10)
   2  8897595  (10)
   2  4169759  (10)
   1  9659486  (15)
   2  8715457  (10)
   2  1891389  (10)
   2  8355605  (10)
   2  8320117  (10)
   2  7730958  (10)
   2  3184615  (10)
   1  9286739  (15)
   2  7048370  (10)
   1  8126514  (15)
   2  8351109  (10)
   2  4795786  (10)
   2  4439163  [10]
   2  8884649  [0]
   2  1492666  [0]
-- 2013-02-07 rep +245  = 15349
   2  2548862  (10)
   2  4757502  (10)
   2  9072624  (10)
   1  1838247  (15)
   2  8625921  (10)
   1  9067987  (15)
   2  4829812  (10)
   2  9663086  (10)
   2  6333375  (10)
   2  7679415  (10)
   2  9464287  (10)
   2  7031434  (10)
   2  4453480  (10)
-- 2013-02-08 rep +140  = 15489
   2  5907451  (10)
   2  1522976  (10)
   2  3129612  (10)
   2  1726049  (10)
   2  9562707  (10)
   2  2027890  (10)
   2  4166157  (10)
   2  6820024  (10)
   2  8432766  (10)
   2  9782151  (10)
   2  4740403  (10)
   2  2429723  (10)
   2  5859615  (10)
   2  9759016  (10)
   1  9109579  (15)
   2  2596943  (10)
   2  1157262  (10)
   1  8609592  (15)
   2  5264775  (10)
-- 2013-02-09 rep +200  = 15689
   3  3925420  (-1)
   2  1615563  (10)
   2  4122561  (10)
   1  9270723  (15)
   2  2059732  (10)
   2  6593658  (10)
   2  1310061  (10)
   2  1615336  (10)
   2  2837974  (10)
   2  8675954  (10)
   2  8720982  (10)
-- 2013-02-10 rep +104  = 15793
   2  5067389  (10)
   1  1671410  (15)
   2  9408034  (10)
   2  5252887  (10)
   2  9674883  (10)
   2  9962248  (10)
   2  9488910  (10)
   2  9477831  (10)
   2  7533388  (10)
   2  7674261  (10)
   2  2413494  (10)
-- 2013-02-11 rep +115  = 15908
   2  4053814  (10)
   1  9250100  (15)
   2  5415808  (10)
   3  8966522  (-1)
   2  4716038  (10)
   2  9157090  (10)
   2  4553587  (10)
   2  9114957  (10)
   2  8005004  (10)
-- 2013-02-12 rep +84   = 15992
   2  2091919  (10)
   2  2148591  (10)
   1  9167579  (15)
   2  5018391  (10)
-- 2013-02-13 rep +45   = 16037
   2  2880634  (10)
   2  3698906  (10)
   2  5216881  (10)
   2  6894566  (10)
   2  3698102  (10)
   1  3586706  (15)
   2  7481538  (10)
   2  1226475  (10)
   2  3461079  (10)
   2  2486340  (10)
   1  2110654  (15)
   2  7007847  (10)
   1  7345094  (15)
-- 2013-02-14 rep +145  = 16182
   2  8956415  (10)
   2  8709200  (10)
   2  4985608  (10)
   2  7006835  (10)
   2  1355419  (10)
   2  6479443  (10)
-- 2013-02-15 rep +60   = 16242
   1  9434293  (15)
   2  1115831  (10)
   2  7533985  (10)
   2  3891913  (10)
-- 2013-02-16 rep +45   = 16287
   2  4521261  (10)
   2  5673664  (10)
   2  8071963  (10)
   2  6471791  (10)
   2  7230247  (10)
-- 2013-02-17 rep +50   = 16337
   2  2146190  (10)
   2  6298876  (10)
   2  1245472  (10)
   1  8442741  (15)
   2  7675705  (10)
-- 2013-02-18 rep +55   = 16392
   2  7946604  (10)
-- 2013-02-19 rep +10   = 16402
   2  4628480  (10)
   1  3485991  (15)
   2  1838776  (10)
   2  5110628  (10)
   2  9000553  (10)
   2  7945258  (10)
   2  7143385  (10)
   1  2784277  (15)
   2  5994222  (10)
   2  9738227  (10)
   2  1713462  (10)
   1  2665155  (15)
   2  8645132  (10)
   2  5195401  (10)
   2  6044073  (10)
   2  7368236  (10)
   2  3982039  (10)
   2  8896328  (10)
   2  5190417  (10)
   2  8173295  (10)
   2  5693562  (10)
   2  3367567  (10)
   2  4177138  [10]
   1  4354498  [15]
-- 2013-02-20 rep +260  = 16662
   2  8008098  (10)
   2  5416890  (10)
   2  8668761  (10)
   2  5848023  (10)
   2  7528176  (10)
   1  9903706  (15)
   2  3522546  (10)
   2  9675234  (10)
   2  5785778  (10)
   2  3595832  (10)
-- 2013-02-21 rep +105  = 16767
   2  9386253  (10)
-- 2013-02-22 rep +10   = 16777
   2  3858431  (10)
   2  4090615  (10)
   1  3840515  (15)
-- 2013-02-25 rep +35   = 16812
   1  1361063  (15)
   2  5815140  (10)
   2  6264353  (10)
   2  4583640  (10)
   2  5327065  (10)
   1  5560604  (15)
   2  1356862  (10)
   2  2123020  (10)
   2  5431106  (10)
   2  1414289  (10)
   2  9463439  (10)
   2  6472049  (10)
   2  7396895  (10)
   2  7918618  (10)
   2  5607217  (10)
   2  7122499  (10)
   2  9612915  (10)
-- 2013-02-26 rep +180  = 16992
   2  7777740  (10)
   2  6623077  (10)
   2  5348785  (10)
   2  4527299  (10)
   2  9800054  (10)
   1  4473667  (15)
   2  3377253  (10)
   2  3543268  (10)
   2  9519149  (10)
   2  3601739  (10)
   2  8251172  (10)
   2  3354225  (10)
   2  6957103  (10)
   2  3545183  (10)
   2  7129775  (10)
-- 2013-02-27 rep +155  = 17147
   2  6562897  (10)
   2  3925306  (10)
   2  1587608  (10)
   1  2238774  (15)
   2  9416760  (10)
   2  7757583  (10)
   2  6802515  (10)
   2  5903647  (10)
   2  9745440  (10)
   2  4669946  (10)
   2  7344400  (10)
   1  4092148  (15)
   2  9592465  (10)
   2  7576093  (10)
   1  5149005  (15)
   1  3503772  (15)
   2  3724260  (10)
   2  8995640  (10)
   2  1917575  (10)
   1  6555193  (15)
   2  8180005  (10)
   2  8974640  (10)
   1  1244102  (15)
   2  4551268  (10)
-- 2013-02-28 rep +270  = 17417
   2  2754427  (10)
   2  4023770  (10)
   2  2142346  (10)
   2  8569678  (10)
   2  7771007  (10)
   2  2793769  (10)
   2  9069419  (10)
   2  7974067  (10)
   2  7832232  (10)
-- 2013-03-01 rep +90   = 17507
   2  2361385  (10)
   2  8836027  (10)
   2  4023651  (10)
   1  7372756  (15)
   2  2729156  (10)
   2  3842208  (10)
   2  9857764  (10)
   2  5119938  (10)
   1  4609875  (15)
   2  9537650  (10)
   2  3640344  (10)
   2  4276828  (10)
   1  8562315  (15)
   2  2773816  (10)
   2  4417143  (10)
   2  5314262  (10)
   1  4965360  (15)
   3  8029098  (-1)
   2  8693969  (10)
   2  6595017  (10)
   2  3718073  (10)
   2  2981804  (10)
   2  5923469  (10)
   1  5073653  (15)
   2  4052021  (10)
-- 2013-03-02 rep +264  = 17771
   2  3667678  (10)
   2  1736949  (10)
   2  8213151  (10)
   2  6117921  (10)
   2  4391885  (10)
   2  7560217  (10)
   1  9428372  (15)
   2  7794074  (10)
   2  8348216  (10)
   2  2806196  (10)
   2  7187208  (10)
   2  1847891  (10)
   2  2837668  (10)
   2  6605699  (10)
   2  5079975  (10)
   2  3070258  (10)
   2  2283041  (10)
   2  6890686  (10)
   2  3595358  (10)
   2  1365041  (10)
-- 2013-03-03 rep +205  = 17976
   2  1889970  (10)
   2  3499154  (10)
   2  9258928  (10)
   2  2783937  (10)
   2  1267526  (10)
   2  2775536  (10)
   2  6776496  (10)
   2  9947767  (10)
   2  6668783  (10)
   2  1434349  (10)
   2  4876268  (10)
   2  9916088  (10)
   2  2976687  (10)
   2  4223635  (10)
   2  1179230  (10)
   2  9809334  (10)
   2  8987833  (10)
-- 2013-03-04 rep +170  = 18146
   2  2238015  (10)
   1  2196384  (15)
   2  2395315  (10)
   1  2309678  (15)
   2  1877665  (10)
   2  2632641  (10)
   2  8574781  (10)
   2  6619892  (10)
   2  2631813  (10)
   3  7078005  (-1)
   2  1181731  (10)
   2  8079787  (10)
   2  9839834  (10)
   2  4780898  (10)
   2  2320463  (10)
   2  1973257  (10)
   1  5740766  (15)
   2  8463659  (10)
   2  3823268  (5)
-- 2013-03-05 rep +189  = 18335
   2  6605269  (10)
   2  6611952  (10)
   2  6022870  (10)
   2  6582785  (10)
   2  1078822  (10)
   2  3372936  (10)
   2  3323331  (10)
   2  7789284  (10)
   2  2934651  (10)
   2  5126339  (10)
   1  1722612  (15)
   2  9530273  (10)
   2  9059864  (10)
   2  9201788  (10)
   2  2749594  (10)
   2  5475872  (10)
   2  7112208  (10)
   2  6850958  (10)
   1  1210891  (15)
   2  6651850  (10)
   2  2049132  (10)
   2  2251010  [10]
   2  4800109  [0]
-- 2013-03-06 rep +230  = 18565
   2  5562331  (10)
   2  5362584  (10)
   2  9444278  (10)
   2  5353945  (10)
   2  1608761  (10)
   2  6623436  (10)
   2  7507593  (10)
   2  6840555  (10)
   2  2059868  (10)
   2  2993028  (10)
   2  6512835  (10)
   2  4461100  (10)
   2  2301441  (10)
   2  4483687  (10)
-- 2013-03-07 rep +140  = 18705
   2  4066922  (10)
   2  5578830  (10)
   2  9197545  (10)
   2  4526002  (10)
   2  8477138  (10)
   2  4633030  (10)
   2  5509214  (10)
   1  4443719  (15)
   2  1757867  (10)
   2  5952722  (10)
   2  4214262  (10)
   2  7296294  (10)
   2  2438332  (10)
   2  8823303  (10)
   2  4688626  (10)
   2  4042851  (10)
   2  6187541  (10)
   2  2631330  (10)
   2  8475387  (10)
   2  2071360  (10)
   2  6573221  [10]
   2  9334541  [0]
   2  6901318  [0]
   2  6008644  [0]
   2  7227957  [0]
   1  6162548  [15]
-- 2013-03-08 rep +230  = 18935
   2  4810640  (10)
   2  5467094  (10)
   2  9019223  (10)
   2  8488142  (10)
   2  5254535  (10)
   2  8520445  (10)
   2  6542500  (10)
   2  4821323  (10)
   2  3902086  (10)
   2  4419024  (10)
   2  1585356  (10)
   2  8743635  (10)
   2  7919147  (10)
-- 2013-03-09 rep +130  = 19065
   2  7984536  (10)
-- 2013-03-10 rep +10   = 19075
   2  5927235  (10)
   2  2719231  (10)
   2  7814486  (10)
   2  9258410  (10)
   2  2814087  (10)
   2  2973601  (10)
   2  6973153  (10)
   2  8395787  (10)
   2  7103218  (10)
   2  4524923  (10)
   2  7213023  (10)
   2  3342053  (10)
   2  5675475  (10)
   2  9245465  (10)
   2  1862834  (10)
   2  7566566  (10)
   2  1909771  (10)
   2  1440964  (10)
   1  2896830  (15)
   2  9804413  (10)
   2  3701862  [10]
   2  3906591  [0]
   1  8528307  [15]
   2  9332111  [0]
   2  8589285  [0]
   2  7707006  [0]
   2  9431986  [0]
   2  3272393  [0]
   2  7295881  [0]
   2  3150327  [0]
   2  9115727  [0]
   2  6383607  [0]
-- 2013-03-11 rep +230  = 19305
   2  7104577  (10)
   2  5581448  (10)
   2  2000799  (10)
   2  5935247  (10)
   2  8048272  (10)
   2  9505362  (10)
   2  2905667  (10)
   1  4371280  (15)
   2  1359456  (10)
   2  1023630  (10)
-- 2013-03-12 rep +105  = 19410
   2  7961441  (10)
   2  1182175  (10)
   2  3381418  (10)
   2  4257121  (10)
   1  5050408  (15)
   2  4833712  (10)
   1  4932528  (15)
   2  1891401  (10)
   2  1267286  (10)
   2  2537285  (10)
   2  9412479  (10)
   2  7936259  (10)
   1  5840313  (15)
   2  9974571  (10)
-- 2013-03-13 rep +155  = 19565
   2  9342407  (10)
   2  4222834  (10)
   2  9246292  (10)
   2  3823076  (10)
   1  3321991  (15)
   2  6015882  (10)
   2  8663616  (10)
-- 2013-03-14 rep +75   = 19640
   2  9400033  (5)
   2  9890410  (10)
-- 2013-03-15 rep +15   = 19655
-- 2013-03-17 rep 0     = 19655
   2  6855674  (10)
   2  2327678  (10)
   2  9951262  (10)
   1  8150549  (15)
   2  6894012  (10)
   2  5521456  (10)
   2  9116545  (10)
   2  7055759  (10)
   2  9771838  (10)
   2  9672326  (10)
-- 2013-03-18 rep +105  = 19760
   2  9628707  (10)
   2  4819422  (10)
   2  9640298  (10)
   2  4853189  (10)
   2  7438477  (10)
   2  4136824  (10)
   2  1033763  (10)
   2  1986462  (10)
   2  7991959  (10)
   2  9880977  (10)
   2  7027791  (10)
   2  5627603  (10)
   1  7031157  (15)
   2  9372878  (10)
   2  7524320  (10)
   2  8076190  (10)
   3  2942449  (-1)
-- 2013-03-19 rep +164  = 19924
   2  4419630  (10)
   2  9593076  (10)
   2  7406305  (10)
   1  5767501  (15)
   2  1867476  (10)
   2  6001332  (10)
   2  9972280  (10)
   2  4959939  (10)
   2  5663019  (10)
   2  3701910  (10)
   2  8130272  (10)
   2  4123283  (10)
   2  4866579  (10)
   2  6099658  (10)
   2  9828687  (10)
   2  9756925  (10)
-- 2013-03-20 rep +165  = 20089
   2  4827079  (10)
   2  5745110  (10)
   2  8125169  (10)
   2  7368150  (10)
   2  4316838  (10)
   2  1117188  (10)
   1  3445332  (15)
   2  7443813  (10)
   2  9454032  (10)
   2  9581732  (10)
   2  3361463  (10)
   2  4293595  (10)
   2  7432316  (10)
   2  8671403  (10)
   1  6048498  (15)
   2  8225674  (10)
   2  8473057  (10)
   2  8457358  (10)
   2  8026798  (10)
-- 2013-03-21 rep +200  = 20289
   2  6777307  (10)
   2  7344818  (10)
   1  2839673  (15)
   2  3551629  (10)
   2  2379340  (10)
   1  8848702  (15)
   2  8004755  (10)
   2  7173638  (10)
   2  2631486  (10)
   2  5772924  (10)
   2  1733578  (10)
   2  4023930  (10)
   2  7342078  (10)
   2  2444311  (10)
   2  7139314  (10)
   2  3512604  (10)
   1  3598271  (15)
   2  6681075  (10)
   2  7925717  (10)
-- 2013-03-22 rep +205  = 20494
   2  1356412  (10)
   2  3465074  (10)
   1  2376577  (15)
   2  3265697  (10)
   2  8998035  (10)
   2  7539637  (10)
   2  6706612  (10)
   2  1962991  (10)
   2  8698986  (10)
   2  8837689  (10)
   2  8859846  (10)
   1  8435850  (15)
   2  6881898  (10)
   2  6767541  (10)
   2  4079573  (10)
-- 2013-03-23 rep +160  = 20654
   2  7806441  (10)
   2  4203691  (10)
   2  6604255  (10)
   1  2050412  (15)
   2  5157253  (10)
   2  4951627  (10)
   2  3639357  (10)
   2  7610754  (10)
   2  7409237  (10)
   2  2406236  (10)
   2  8816355  (10)
   2  9583029  (10)
   1  7225617  (15)
   2  7546885  (10)
   2  2106058  (10)
   2  7348419  (10)
   2  1422092  (10)
   2  7274559  (10)
-- 2013-03-24 rep +190  = 20844
   2  4080481  (10)
   2  7730084  (10)
   2  7854306  (10)
   2  3666228  (10)
   2  9155532  (10)
   2  7369469  (10)
   2  7940325  (10)
   1  7282992  (15)
   2  1357232  (10)
-- 2013-03-25 rep +95   = 20939
   1  5372101  (15)
   2  5555309  (10)
   2  3960659  (10)
   1  4787264  (15)
   2  8908938  (10)
   2  8277195  (10)
   2  2716768  (10)
-- 2013-03-26 rep +80   = 21019
-- 2013-03-27 rep 0     = 21019
   2  1884039  (10)
-- 2013-03-28 rep +10   = 21029

** rep today: 10
** rep this week (2013-03-24 - 2013-03-30): 375
** rep this month (2013-03-01 - 2013-03-31): 3612
** rep this quarter (2013-01-01 - 2013-03-31): 9075
** rep this year (2013-01-01 - 2013-12-31): 9075
** rep from bonuses: 100
** total rep 21029 :)

days represented 299
rep cap was reached via rep from upvotes *only* on 15 days
earned at least 200 reputation on 21 days
earned 204 reputation from suggested edits
